Population Size: 150
Selected Parent: 16
Start City: 28

Generation: 1000
Path: 28 31 70 63 11 64 47 8 60 89 101 27 90 32 88 92 61 99 37 100 87 95 52 10 9 81 78 20 48 46 45 17 85 86 44 38 16 91 42 14 97 6 13 53 3 35 71 34 29 24 25 72 15 67 22 21 74 54 76 65 66 51 79 1 50 33 30 83 18 82 36 49 19 7 62 73 75 4 26 40 58 94 59 96 43 57 2 23 39 55 80 68 77 69 5 84 98 93 12 56 41 [fitness: 1409.7232861587186]
Total Distance: 1409.7232861587186

Generation: 2000
Path: 28 12 80 54 58 43 14 86 38 44 16 85 97 95 40 21 72 56 75 4 24 29 34 78 71 35 65 66 90 10 70 31 52 60 5 93 61 42 57 15 41 26 50 20 30 27 99 59 96 101 1 51 69 53 13 92 37 98 100 91 87 2 73 22 74 83 46 82 18 7 88 36 49 8 48 6 94 89 19 11 64 47 45 84 17 62 63 32 9 79 76 81 33 77 3 68 55 25 67 23 39 [fitness: 1186.7578113746736]
Total Distance: 1186.7578113746736

Generation: 5000
Path: 28 27 69 31 62 88 7 82 45 46 47 49 36 48 8 84 61 5 17 86 16 93 98 37 95 97 94 6 13 2 23 67 25 24 29 12 26 74 22 72 73 53 58 40 21 56 4 54 55 39 75 41 15 100 85 91 44 38 14 87 57 43 42 92 99 59 96 89 101 77 33 51 30 34 20 35 32 10 63 70 9 71 78 81 79 3 68 80 76 52 18 60 83 19 11 64 90 66 65 1 50 [fitness: 1042.5496211554148]
Total Distance: 1042.5496211554148
